lap,lap,nlap,nlap,netlsd,netlsd,portrait,portrait
mean,std,mean,std,mean,std,mean,std
0.0,0.0,0.0,0.0,0.0,0.0,0.0,0.0
0.06057042727303685,0.07981047116383029,0.026020399802502626,0.03270450351059389,0.0034002459350207887,0.004278317144451637,0.013624873032064897,0.020329490809997883
0.25267117650595194,0.062224968264955945,0.044749436066351796,0.01751257485967765,0.003922251541984346,0.00301233358813824,0.08151184361409373,0.05257780874435431
0.3421346888932034,0.07644231685806817,0.05871221530335655,0.014038528418684686,0.005286067551385272,0.002236678825997074,0.1341570803323427,0.06356833855530929
0.4456534918177949,0.10596858421353016,0.06843297808521073,0.014653362408993497,0.007242435291225096,0.0043841846553044125,0.20107362272838084,0.08207217879570085
0.5106823329267807,0.11761257604678518,0.07993607557411188,0.020505025091442863,0.01097145090667801,0.007303758228720209,0.24479212411811568,0.0802528747360915
0.6269923402102904,0.13220948985591496,0.09313753083902168,0.02477689434549507,0.014624030133542135,0.00850827863897375,0.29309115353713644,0.0763295354314405
0.6932355482976627,0.10171608247796429,0.10209145142501679,0.024898753109684896,0.01727227843933867,0.00898560176754949,0.33371266116047155,0.06833066739305137
0.812306637073297,0.10750345338484835,0.11134334712734162,0.026647004184716876,0.020312951070455554,0.00905501706441189,0.3727819532258461,0.057314337086142066
0.8757675761103906,0.12648413535764827,0.11958224107822715,0.02643520954069059,0.0219442883568928,0.00934928615238625,0.4138455410909504,0.05961707367069848
0.962536736417172,0.14640513248196946,0.12809672235109637,0.027239278521829644,0.024666422821483642,0.009160672538544745,0.44748410671236466,0.053027872025374526
1.0196798110117595,0.15995343866915793,0.1360092702047648,0.026751099809876205,0.0275381804964636,0.008706850736336992,0.47297600757856795,0.05111316974699826
1.1283758439903646,0.1644742202012944,0.14747069831944215,0.025354518969226865,0.03085547484527163,0.008918978853253812,0.495580099653062,0.045796230594921467
1.1847232959974519,0.16948670779334352,0.1544751882903379,0.024576545738419418,0.03302527907197641,0.008869861627627226,0.5194708375931812,0.040427406493686625
1.2959282463547228,0.18088905439045216,0.16326280463859028,0.02410176437414633,0.034835394011735535,0.010035398632986497,0.5379520608479558,0.03635272594089862
1.4027977474412976,0.16016242387205065,0.17008072882255523,0.02097538184612432,0.03710703748586444,0.009389428790455106,0.5567467965623916,0.0342811594381166
1.4765185877026057,0.1867412943155268,0.1758891029424059,0.020364775844119887,0.038191607753411565,0.008428856984425871,0.5753272839788918,0.03478119717670698
1.5653441024432055,0.17017774654326898,0.18358395183566095,0.021256133838289885,0.039756841911989194,0.008416638145988769,0.5867870143077586,0.03396729682496114
1.6600791521254632,0.20638638731612702,0.19448033647040258,0.023233415317599822,0.042333726456017955,0.008738950117435359,0.603876966894213,0.032232637267762314
1.7303267594306544,0.1985470649314637,0.20563713862340016,0.025905052500385356,0.04654619754720158,0.00924787703380916,0.6161133160858516,0.030488362332387272
1.8271640491455947,0.20701322045916698,0.21441788948183166,0.02653482439699294,0.04805696614748376,0.009058116233890428,0.62986615998303,0.03036940569245331
1.8684169450903532,0.20837683314210373,0.2218118537870418,0.026430020693689174,0.05023260923293782,0.009911204456481611,0.6426088612905968,0.028615376832520738
1.9968499553826355,0.21549601036150584,0.2303455584212324,0.027187356093273662,0.05192807754568664,0.010487037870560552,0.6504135316545147,0.027401832721321656
2.057334921348549,0.21465304979000446,0.23666459573145215,0.02743081773283049,0.05355809283414008,0.010073332212697746,0.659016209021325,0.02904695149171744
2.1540653511759014,0.24002087264372135,0.2493877716400565,0.03259053531296038,0.05687863743703471,0.012037030494419407,0.6655045242451301,0.027615909233224222
2.218869318059752,0.24687232669509346,0.2569369739904551,0.035050972348700804,0.05870619280656662,0.01219109267341816,0.6743951920158259,0.02770697511710547
2.327892659303602,0.28808230770978527,0.2681669300079415,0.03315275024937749,0.06180350073301688,0.012137815658263624,0.6822500077292155,0.02978377832369246
2.4139990974228933,0.3177209909310211,0.2782040842905746,0.032310602482358494,0.06447944356400552,0.012638010065746438,0.6879817183551341,0.03090273275796114
2.513374241761145,0.30021180065126857,0.28781030741156877,0.03541247063001134,0.06649024435246789,0.013364530402257603,0.6924446857015992,0.028688210521024077
2.5789487484740254,0.28700843690676114,0.2974083580998162,0.03402859234498396,0.06956105135188148,0.013233299363886333,0.6968993764129878,0.027323529234337625
2.6969814025024186,0.29398016631818774,0.30560360326524355,0.03599498313905394,0.07208366494661027,0.013969006358539699,0.702505009049305,0.027683358618102127
2.764259401053644,0.28893796790772713,0.31121824105523554,0.03578353121059461,0.07412066681577398,0.014053160611503778,0.7073618888652029,0.024738971094378025
2.8642590358448015,0.2952672172465984,0.3198824728595966,0.035718781513495695,0.07610581711171861,0.013960171553296288,0.7114900786960348,0.02458347741529687
2.931583645276071,0.2888235682364851,0.32894543291199013,0.03817513980150726,0.07796791583799897,0.014985819523454038,0.718053209661815,0.02033843780431636
3.049739365999539,0.3095559133823458,0.33846667712355016,0.04119884949446758,0.08094710186999168,0.01558194435532427,0.7210206653480982,0.0209973907726548
3.1047163594584135,0.3166656789578875,0.34501225543330105,0.040161005613112276,0.08226312305129702,0.015292570660664702,0.7261238018253457,0.020926278775200046
3.207327919894925,0.3231206412251208,0.3535174032063221,0.043471982702556235,0.08416331511473339,0.016570834856052034,0.7283433517728463,0.02074545575478581
3.2877067345563815,0.3340554718577414,0.3659747328059658,0.04527056629627954,0.08758611096797574,0.01630967252044066,0.7313734221330654,0.02029848394219165
3.3994425776874038,0.34756942132976815,0.37604325613611955,0.04633385438828183,0.08988683141733679,0.016467114040738428,0.7355835912711755,0.021147854040473917
3.4887702421612494,0.34805481551880096,0.3831592564900098,0.043755060021995404,0.0922434069359672,0.015778147241820334,0.7394416337542702,0.018903428763954986
3.571597280293905,0.3371848173122418,0.3929819787720469,0.049435784704144635,0.09508804664814358,0.016620408601565786,0.7435816126798858,0.018550055937018844
3.6254317480022467,0.3369095273603685,0.40175038403489555,0.04785912038124823,0.09678954870560703,0.01709744935664827,0.7476459689092252,0.0178977298001688
3.722918100419677,0.33565557653902367,0.40990800931048643,0.046721409392462394,0.09878971633509376,0.016137979051450573,0.7506808238940862,0.01770468138697909
3.79015540393767,0.32949712521313806,0.41893424269727647,0.047387066517136936,0.10083961256211224,0.016519128210919987,0.7535926161433671,0.017627367536629246
3.890044548591587,0.33308680036663824,0.42738209112340125,0.04733498442383202,0.10257774535829996,0.01662820065214924,0.7570119353681533,0.017801025215499106
3.970552529170541,0.3287813024487241,0.4372498013887286,0.05300363374747008,0.10417472293712067,0.01846609622079159,0.759353963203448,0.016450773964874706
4.050157131201747,0.3319072085791408,0.44666831769157467,0.05284506987171607,0.10584183535624611,0.018567752189696737,0.7627432466040521,0.015833703031694003
4.135551182661244,0.32640922356416296,0.45633836377242903,0.05175419795051134,0.1079738394577648,0.017836976099713603,0.7662406942988553,0.0154280344667619
4.230006491540088,0.33587847585404657,0.4643547565576213,0.05150743053212979,0.10952632023982653,0.017972891058588316,0.7704257241173667,0.015296565041213994
4.292565251200448,0.3218625918513771,0.47500969859905695,0.049667181079647106,0.11208280176358836,0.017523339511704032,0.77381321870191,0.013249049312738563
4.37136849677299,0.3146180678602304,0.48389658283265363,0.04975955514314562,0.11423965215927426,0.017456012269146694,0.7767510376849427,0.013043791895418887
4.44103510241743,0.31909370372323625,0.4896287942066193,0.05160182130818292,0.11498546076998388,0.017496624611780323,0.7796000961152054,0.012030555717972902
4.524896567858386,0.32178305341135033,0.49649688135708575,0.05125493372283336,0.11726589549140098,0.017125566669427595,0.7818953880258481,0.011933110988514701
4.610897952251903,0.3380592087891156,0.50391132499948,0.05138619953347876,0.11880713004184613,0.017343543455878425,0.7839463038016741,0.011892964650444445
4.70514997998452,0.3513888555864582,0.5129401896071082,0.053283260019259274,0.12112061038149242,0.017520567122306534,0.7861010303826449,0.011574641536536187
4.782471324721233,0.36193795704819204,0.5229477327299203,0.05461534871099569,0.1240282944464343,0.018166301517895667,0.7879890558900254,0.011656695628511352
4.861510993177198,0.3492606514428335,0.5330380907350409,0.05340636590825555,0.12547013965045978,0.018092360698473742,0.7899887557484847,0.011122626464600834
4.9445426794054255,0.3803831775017221,0.5446403828882718,0.05324299356627724,0.127829344724486,0.018145259881137157,0.7919275006532226,0.011057680640665764
5.01750779393253,0.36872900030122796,0.5513055739087805,0.053673318729785716,0.12912369678735144,0.017988877134980135,0.7939948824305334,0.011020698798639284
5.095485458413673,0.3929332674935099,0.5627187395561767,0.05219614451119757,0.1315366450325432,0.017680592545703283,0.7958589493970951,0.011283778157852807
5.166641858207635,0.3846261944553179,0.5694091773040877,0.04919928151881107,0.13319463424486697,0.017225954995592877,0.7979198813820924,0.01059555199626705
5.238565959364967,0.4025275344920833,0.5799238597685379,0.04983975533109992,0.13553664060567697,0.016441229531476833,0.7999848134214975,0.010639176063868553
5.3170322984877645,0.38701125474540626,0.5893563133456301,0.04994570632910582,0.13791073222067038,0.016977284403805026,0.8017402490226979,0.010629885381485208
5.385480156552235,0.39422699326971994,0.6027313322050483,0.051323038817857825,0.14117824783582827,0.01740857657113728,0.8031148647638474,0.010147497977296997
5.475777246583034,0.3964193161584695,0.6103651896227777,0.053699892222632106,0.14290451952918287,0.018168018661240917,0.8044706944028441,0.01049719483714358
5.549914192109356,0.42155022376903395,0.6186124234383573,0.05236776157289545,0.14436680288216738,0.018056819384743253,0.8065712066023897,0.00997842969841776
5.618401595071147,0.41479174929587775,0.629939481602966,0.05367960963999314,0.14761560588389608,0.018532094940321785,0.8080159995133428,0.009918907013926274
5.697212362349861,0.42096160960390067,0.6378604588164176,0.05149889157668357,0.14969553427309393,0.018109712948379333,0.809221025868123,0.01027797140616824
5.765929534103164,0.42145678211334264,0.6454346354197223,0.052908202223939875,0.1509072254835272,0.018351310232453018,0.8119734759720358,0.010119567235391973
5.8519385911269355,0.41014638980324797,0.6522617504783508,0.05422917039450937,0.15233197792067402,0.01846250503416919,0.8130600572235597,0.009643837469548427
5.953287699921249,0.4349122152805577,0.6593930750510661,0.05383580415676506,0.1537395589032012,0.018572920374911508,0.8142017578668556,0.009839666100012445
6.012963557504217,0.44020495447383773,0.6661307309459816,0.05376571913509792,0.15577255496643178,0.018521414363980814,0.8162150086326543,0.009485235886756793
6.105929755705859,0.4455651582025066,0.6746955327069727,0.055280537463116515,0.15728373551373015,0.018617269651105207,0.8176696526167356,0.009613190683208555
6.177361164746057,0.456409077343716,0.6808052985475992,0.054875597518745184,0.15828156278947597,0.018586240733573334,0.8196287906846434,0.00898100436958081
6.265117117414772,0.4683493801791442,0.691059413539328,0.057562571633887755,0.16027392573084803,0.018294502351543906,0.8217077066357283,0.008867522999094582
6.346412542948211,0.4895006765303277,0.7003270876518437,0.05896220922183245,0.16235010531263538,0.018112036414193726,0.8226565280357834,0.009109870833361938
6.434053375519129,0.4906966492445483,0.7086746682157543,0.0584849386160687,0.16390900377436876,0.01771993667662829,0.8239682344870314,0.008938189256578306
6.512577396569798,0.4869272793881683,0.7189898580790095,0.05679313539683165,0.1661332802645705,0.01740356499853332,0.824934626595082,0.008910152660779748
6.588600450374298,0.4792817841649463,0.7283333141560207,0.05750694465033519,0.1677389589114594,0.01798327582870377,0.8263835817354602,0.008927356631217007
6.664160979041652,0.47228931631684573,0.7353732333216306,0.05832297283805839,0.1696211734589491,0.01768576839152326,0.8281273450592469,0.008940595720579581
6.770427106337676,0.46181263590494726,0.7428914992082364,0.05915638236898234,0.17066855450159707,0.017824176911554804,0.8289360235836287,0.008764753309410477
6.844374419277078,0.4662803065714457,0.749990982846014,0.05748289664229968,0.17227842504244456,0.017854409177890093,0.8305055530276324,0.008541277975614728
6.911495636792232,0.45432651124119294,0.7612723544635036,0.05624654803697351,0.1750549330138625,0.017523358681685284,0.8316658983347504,0.00847466322052584
7.0024285137523465,0.43401860230427497,0.7698138827877065,0.057457190418344094,0.17670233304819277,0.017715287914294373,0.8324209183752505,0.008121596333032579
7.080067539523261,0.4319177092169619,0.7805040173606483,0.06003587882956906,0.17879647093820236,0.01915387366118057,0.833419046650644,0.008018906638069988
7.157334563936482,0.4322613782802463,0.788529929441141,0.059880761190575414,0.18008858743578018,0.01909824710879641,0.834590825038964,0.00774329127083037
7.220306119734188,0.42209262182892854,0.7962591209896668,0.057990003324348206,0.18116931852252038,0.01898353968092965,0.8356188788151323,0.007758167461631647
7.306235272441102,0.42507813154061624,0.8024611242174234,0.059001749301143214,0.18201498612267222,0.01904298438006057,0.8366593880353751,0.007671035217105285
7.375277302119659,0.4159131003994236,0.8065851891801008,0.05809838522496398,0.18249739654870256,0.01885715139951969,0.837814416431843,0.007677252657018675
7.46191208160406,0.4405483037406891,0.8119993275773909,0.05859348336823129,0.18366114422710766,0.018612250096916454,0.8385649772267042,0.00767353833046996
7.5439165895498475,0.43561943016325233,0.8199197704448075,0.05893012975624465,0.18469499156115882,0.018723012716420403,0.8395233730605598,0.007375204398690781
7.6104695120085335,0.43792275162449296,0.8295309747926014,0.05637686798508041,0.1864232293135568,0.01814737584948829,0.8405974979461076,0.007397635618075644
7.686058119648979,0.42663308483627754,0.8382200597351597,0.0567755353351213,0.18847665020534185,0.01765721678025701,0.8413454270359791,0.007378096408991555
7.766838554804011,0.4189506543173742,0.8457058927705781,0.055747855702179126,0.18959675009270333,0.01736032856951764,0.8423855787032821,0.007262775042485424
7.854142485144965,0.4293117252344425,0.8568042273023128,0.055749149087717303,0.19190911293845697,0.018008767919769325,0.8428501913202879,0.007302660358785648
7.937432886538007,0.42493288875925855,0.8624857306856846,0.05555759108496673,0.19165971944502874,0.01737283479251593,0.8438309484989303,0.007236462880532625
8.03323519229447,0.4171596316041568,0.8724492959416038,0.052809925819321236,0.19338982051199766,0.017110170721856336,0.8446585690928826,0.007236689963302757
8.108465949906662,0.44138885712968573,0.8805939971885939,0.051693390423725734,0.19509402597805456,0.017614593507836018,0.8457966737881868,0.006778917164603916
8.18803012741175,0.4155505354594014,0.8891461082939556,0.05246318443709202,0.1965075813885574,0.01815598006552973,0.846679053517472,0.006422266470543675
8.258389821289384,0.4171760927392833,0.8964791123474832,0.05196523552225226,0.19790567897877626,0.01837358321104038,0.8478563322809952,0.005797594178060619
8.344761450029687,0.40710563162209046,0.9053925505321795,0.05419560720889888,0.19978264147070218,0.019118749038028102,0.8483350253419035,0.006239980856502468
8.40862054002432,0.41757825506651775,0.90985071663174,0.05276378609131894,0.1998836116876947,0.018721100089882543,0.8490827521401603,0.006057920710784533
8.486932935548053,0.4004492963042549,0.9169925099995211,0.052212490722623364,0.20118758136643877,0.018490923259414913,0.8502447954709593,0.006120379161245845
8.557194905639971,0.421884526202863,0.9242966816716034,0.04925868938828724,0.20244100017609376,0.018127430214907935,0.8511187252319564,0.00656839536667756
8.648614016023382,0.40943620865139657,0.9349016685643834,0.05085555695317174,0.20414766081432706,0.017720811810285515,0.8517894430869383,0.00666153520013354
8.727584169320426,0.4016564187378884,0.942164912556092,0.05213385375342921,0.20557989460434195,0.017918724228226386,0.8522476410598788,0.006414870906549666
8.839853013403417,0.4129220601444667,0.9510683390052661,0.05060534293313277,0.20702939155877811,0.01745334298364502,0.8526092217879455,0.00663372122225777
8.913601279504691,0.4083361026263186,0.9572767623701909,0.053172196518610104,0.20814148000173263,0.01743133809592206,0.8534185646427407,0.006918464714882698
9.013615723909776,0.38278509953150547,0.9656325833789184,0.049354453245560814,0.20994598002795403,0.016330153976168004,0.8539892086481995,0.0068679884733107745
9.075942347112239,0.40409248000586884,0.9716792735874247,0.051428977038379405,0.21089128203540347,0.016162402999089904,0.8549269395796701,0.006830093033481578
9.170367724663574,0.40570335574627514,0.9768368655628581,0.05157140652304204,0.2114622451958145,0.01631791764206486,0.856185051291467,0.006432397214091451
9.25488525088096,0.4195806405991286,0.9826196936010675,0.053854960476060136,0.21195001661325094,0.016512404528028293,0.8567311140292875,0.006287815061572857
9.34686932106492,0.42371090243872883,0.9938469243466367,0.05282561874823589,0.2143187589838099,0.017016407877866672,0.857398868817161,0.006065151282097002
9.40012452549303,0.4044420260942811,0.9999339627698133,0.05639567975864489,0.21575045758421085,0.017276582969968413,0.8580582293707117,0.006183084505629031
9.519091757233744,0.3928273281630827,1.010706069211508,0.05201526957672946,0.218316348337568,0.01760501050975164,0.8582991645434694,0.006151215379112442
9.594710833291925,0.40673551954785175,1.0205694473945441,0.05030262550284373,0.22016506057470547,0.018481882409604956,0.8589321390930117,0.006165099102734682
9.688654516019774,0.4144193865045851,1.0276731796655587,0.04971786671426861,0.22092456524623544,0.01847343164860754,0.8598405507354332,0.006088788529908739
9.751062090465958,0.40901342890543013,1.0367469229900723,0.050891435667234655,0.22281666357053495,0.01847407832056644,0.8603061005130297,0.005796547363649183
9.837583680291866,0.40911758411690247,1.046457483096201,0.05045714648349061,0.22394626436874687,0.018361927034270604,0.8609792318581979,0.005878705779110235
9.909448286804352,0.40459971549001733,1.0546559387166363,0.05143607272911396,0.22577754238214412,0.017978763064854335,0.8617792451322325,0.005668546017155057
10.002817448570081,0.4180521443164827,1.0646546751728478,0.04744749168953481,0.22817725947054707,0.016658932506032228,0.8625213908347826,0.005381907940638368
10.093773751385031,0.42705493938201833,1.073084655379192,0.04670858368853525,0.22950296352734453,0.016730311089603385,0.8629773094497653,0.005779075551894687
10.184749376579864,0.4170737951517172,1.082686468123763,0.043702970014791544,0.23158552895702175,0.01601340711697236,0.8635330788263833,0.005837681599715474
10.274798516942774,0.40080384564359006,1.0884943349455765,0.04355071465431739,0.2324135792622573,0.016068255126761122,0.8639051137963785,0.005800025785935733
10.37078826988627,0.4089912968737465,1.0961710207625561,0.03853486894514307,0.23421470158368463,0.0142691606001971,0.8642683647270817,0.0059818776484141635
10.447931031312098,0.4121521097749343,1.1014088646093132,0.041651813529386225,0.23498911290284807,0.014614176029430005,0.8649032111791234,0.005696850655052207
10.531897102373069,0.40441588702336045,1.1096018085252417,0.043366511599682335,0.23646689677056415,0.014768474220174292,0.8655747490418063,0.0058416398963547205
10.613314419694268,0.4287061475504559,1.1212153202347086,0.04564715864115202,0.23853241985341916,0.015390493002189974,0.8659551882220301,0.006050660431201797
10.693696270124693,0.4069812008646578,1.1337995559313154,0.044133740272721746,0.24107477018714735,0.015754551258893426,0.8667292918231249,0.005808006448054614
10.77971678805044,0.3931796303643859,1.1398571519913676,0.04372170467263405,0.24158712138036592,0.015449026999774459,0.867394088236226,0.005551727392389923
10.852004432775702,0.4094299192528197,1.1462870484885168,0.04461467150322596,0.2428013049724444,0.01608006375967947,0.868418474767946,0.005506451049589986
10.939215832230186,0.40585076623992106,1.1548832309258017,0.04783830615900988,0.2441426175771458,0.017163807807949037,0.8689597198117894,0.005329846870978664
11.025362865779943,0.4090911718812744,1.1607285646285708,0.046114415037968585,0.24525861839551544,0.0166301787130972,0.8695735450051207,0.005514767278052107
11.10476118624319,0.4105704553678867,1.1667442389838163,0.04505992082332703,0.24636199313833024,0.016199234387458763,0.8703659026225654,0.005646519153099969
11.173104848180973,0.4135254876630915,1.1735051517502142,0.04631131258215616,0.24757712349450256,0.016768365356189082,0.8708978685580618,0.005745282845397907
11.284610213307102,0.4207594472128928,1.1820757997853995,0.04547463371909971,0.2484946006108037,0.01665595002811526,0.8711917020247089,0.005946348261056754
11.359101630200025,0.4237786062550784,1.1883093708364463,0.04563496542986064,0.24931260784220002,0.016556689240210695,0.8720136737661471,0.005695071488403139
11.457084512289871,0.41642016154071815,1.1953637690626828,0.045145893932390595,0.2501129995662271,0.016556257213880505,0.8723751374205427,0.005675348031966903
11.54595457326596,0.4104466360671413,1.2036387024146828,0.04347798490273586,0.2510796301571903,0.016357367062321163,0.8728871390750198,0.005489429930870458
11.619787295755742,0.40786269397591635,1.208115636415294,0.04123501836213606,0.25193239315121096,0.015820145753507226,0.8732994864675879,0.005416673605991902
11.720608655390729,0.39374030382747294,1.2194722393759698,0.040483919781693294,0.25352120195647926,0.01618390028691502,0.8739431367386938,0.00539247426114242
11.803640464182491,0.40948694151522974,1.228424799044847,0.04306985586724906,0.25512352535096927,0.01635513898479453,0.8745130394429117,0.0055666745433904305
11.886911611364972,0.41040014782853984,1.234402876870206,0.041487413653246305,0.255912399759742,0.01620711291720758,0.8749076127622922,0.005733711614475043
11.960792732568859,0.41137740120663385,1.2414185955715356,0.04194019518484435,0.25678939138358897,0.016197740919377892,0.8755175097791449,0.0054650848196699
12.032492840131662,0.4356119493832806,1.2476025951948229,0.04073724311172886,0.2576258948818805,0.01612863183388469,0.8761033379415333,0.005515586458412328
12.127578789058264,0.4431902897307494,1.255057206149417,0.04112362328481736,0.2584852126952278,0.016106762782429573,0.8766259256446176,0.005276326919358942
12.215648571238045,0.42877292686609775,1.2632837610140064,0.04158635483656877,0.2594387019342689,0.016140763780198443,0.8771371041159501,0.005295478229705899
12.291321837087072,0.4509505882214196,1.269872134997403,0.04278453890647818,0.2607258411166012,0.01595677670476022,0.8775788731933242,0.00538235123408828
12.390030173019891,0.4499007369365536,1.2767129385988638,0.04238305725170058,0.2614609275297783,0.01603843835662279,0.8780135929386998,0.0054587602792626954
12.461616248462617,0.4751829550506849,1.2815712068079272,0.040607513874386617,0.2621443369736432,0.015960554497678036,0.8784924432307966,0.005566690642219657
12.576179730562904,0.47273388342961664,1.2909633629888608,0.04200804629653684,0.2632540848968511,0.015943341927022806,0.8788915102988606,0.005423086121537102
12.661048636839997,0.4808768905361331,1.2973337727049299,0.04327135935343472,0.2636914657793635,0.015656480669860598,0.8793792714506518,0.005200027852843873
12.738546708766616,0.4783051719889611,1.3060973226042023,0.043214464659648795,0.26501147949177783,0.016208012604756284,0.8798254174830804,0.0051279903110285525
12.827473798625453,0.4950782285191445,1.3105494807681808,0.0427575319211524,0.26510266960398365,0.01563891669718013,0.8802831105981198,0.004994706719387263
12.893294984273425,0.4827378242944553,1.317140237857365,0.04342547917881569,0.26594276842325215,0.015705763397220657,0.8809919969474078,0.004898803698719577
12.97244880554907,0.5031724699852189,1.3237226894280112,0.0420607669948806,0.2668281903454099,0.015670853476124794,0.8813097511103207,0.005012273170247544
13.0560781699345,0.49519334684235705,1.3307799406749115,0.04275277950851666,0.26764489401927966,0.015818349645149294,0.8818755706216598,0.004792642868988037
13.144443308506855,0.49938597702424714,1.3369514757712277,0.04286811238748825,0.2683462825086681,0.01578767801161854,0.8823048129106832,0.004942653850700296
13.212097648088482,0.47190092497540026,1.3439296252472877,0.04186451383703267,0.26913704879810885,0.015756897412549705,0.8827339817943919,0.004996336462896443
13.28913355666575,0.4878470279201406,1.3506525761229367,0.03835160552707763,0.27039279788924964,0.015017031204126965,0.883133519142973,0.005073485928545879
13.371935240481665,0.48880754773720864,1.3579401763811156,0.040643489964692366,0.27151020733491377,0.01521077125742535,0.8832881847662272,0.005019521690480134
13.458065866749067,0.5081163489311094,1.36532645450648,0.040959531935351706,0.27276022253317156,0.015613111384172594,0.8837515127123016,0.005044359207788993
13.55652379701748,0.5070047630200178,1.3699275585420332,0.03878675126246698,0.2733313440675503,0.015416344158860208,0.884038100061711,0.0050548303513527565
13.638158904208675,0.506371548503453,1.3749571654122046,0.038689950024578784,0.2738683868901592,0.015410786333618793,0.8847232637955716,0.0049020852464116554
13.712271193200744,0.493371224368673,1.384537455476708,0.03752409249431636,0.27518132165327563,0.015359108071350937,0.8852405261657461,0.004737956121600747
13.793502913418445,0.4861261713633814,1.390655389594738,0.04069039704489076,0.2761835784858203,0.016224011383877412,0.8857419047005658,0.004754917179806291
13.867885386042843,0.4902830907844174,1.3962898096814889,0.041925627892196,0.27691399516219756,0.016344255923426615,0.8863456958603297,0.004875121303257249
13.955896566870072,0.4914079371216004,1.40087245840393,0.040355306037829664,0.27742723829111926,0.01617434615302487,0.8868333759044384,0.004511320627384174
14.034845276655954,0.4871332055217821,1.4029954006282908,0.04253976983282761,0.2774311429820812,0.015854104033122523,0.8871865176084824,0.0045476879724485764
14.12189441372621,0.5174772109084651,1.410033575220897,0.04234164170712869,0.2784255945828354,0.01571458607849933,0.8875653418277702,0.0048291421580210145
14.202138007948525,0.5163635252860752,1.4141986960553488,0.04243733804920265,0.27903976452581397,0.015731538770640378,0.8878795413475304,0.004922877586787441
14.289570397254442,0.5473177140396774,1.421582739216238,0.04110530118047188,0.28023234889626064,0.015529881813219881,0.8880164965290464,0.004915321492088483
14.401659378448704,0.55816676713441,1.4278901613208979,0.040322368249845184,0.28091696819789114,0.01539437323896318,0.8882515807468998,0.004699647509822726
14.46984903026105,0.5638903137002991,1.437513772115773,0.037885268686367456,0.2822676991217182,0.015638476166094536,0.8886340843950318,0.00460362892928183
14.532597306365265,0.5511546982289992,1.4446109593796874,0.04039651599435174,0.2834132589311745,0.015186788486290062,0.8890578077170913,0.004618366749249372
14.602067966962878,0.5568192519262631,1.4537766091193025,0.03928121840831284,0.28478415150615066,0.015052649230529853,0.889473576583749,0.004974597758065073
14.678836723291019,0.5592682102722352,1.4621616285047043,0.03889806473880498,0.28648430181856727,0.015327268960205162,0.8896582538138166,0.004940105207142564
14.740400299368963,0.5750812577021691,1.4699661770697086,0.04083140686837917,0.2874168996658002,0.015261157229463439,0.8901401671258184,0.005251549113644941
14.843472678588686,0.5701935851970792,1.4782058289065083,0.03923770973662002,0.288240995292793,0.015134418801012382,0.8906047369448767,0.0051488298745703135
14.948872537598112,0.5872774969538381,1.485856278587908,0.03761197863174932,0.28900880547047914,0.01494320534429144,0.8908444078660601,0.005091087291491025
15.02771787338229,0.5731864121168381,1.492596297537112,0.03410608869787743,0.29010130668098155,0.01535509502776501,0.8910588924212577,0.00514412696612888
15.127760883336354,0.5935187112214482,1.4991385749801704,0.031821258448630076,0.29082621092097866,0.015240204511893238,0.8914498639519689,0.004966082684857233
15.193577500087235,0.592410589596694,1.5057987169122484,0.03209660861340169,0.29163544768829874,0.015287443263389256,0.8917178352790316,0.004888958824077558
15.269634598789134,0.6058116643940527,1.5152896562459612,0.03289828611588986,0.29297826450100345,0.01597125209373985,0.8920403777385385,0.004750830109231521
15.356105351181188,0.5836757371501973,1.5224604375882853,0.03374972172631846,0.29361877772375855,0.01604476941487065,0.8923888113208228,0.0048730478027934525
15.43246638291357,0.5981890489627465,1.5293552480839168,0.034218800610872895,0.2942537234861323,0.016010486764993757,0.8927670880947988,0.004973974318192309
15.50835534006942,0.5861374852767481,1.5333746217647763,0.03229844714724174,0.29489475732535664,0.015983287841698158,0.893240186604047,0.004956334743622408
15.60647164872815,0.5955337648980926,1.5394706235936262,0.031734419050936,0.29550727307358327,0.015872599969425045,0.8935534041899273,0.0049173444414457885
15.688177622131414,0.5979573293722451,1.5464891139085748,0.031266132322246974,0.2965869382378364,0.0161182828158775,0.8938795020089234,0.00515881929380908
15.753723279813945,0.6207336604460454,1.552159531266606,0.0319901420284441,0.29713995093839685,0.016082863984947866,0.8941355228872302,0.004977034016163033
15.825658031751388,0.6029670617026698,1.5592388852510735,0.03530459659801243,0.2982290393978633,0.016146887686796507,0.8943057177417236,0.005102783705438587
15.91489599127525,0.6131756516503738,1.5644234911785104,0.034472756434070655,0.2987499506369546,0.016198457776012583,0.8945355750991976,0.005052153966964421
15.97788326699902,0.5965477267697639,1.5716273516204105,0.0347134294434043,0.2994633282646634,0.01612741138148603,0.8949211325052502,0.004996827278211379
16.066940266424066,0.5975857051950606,1.5807007784606688,0.03487794412012396,0.3002849782685424,0.016178862765821,0.8953070475765873,0.0048753343218397
16.153821443924453,0.5613918947361428,1.5867727451790312,0.034088670575630024,0.30090672961877535,0.01615956187992353,0.8954658724438709,0.00479425410712292
16.239602850981726,0.5655451532404439,1.5943063825235657,0.035510815392962046,0.30171847723358497,0.016249143223402842,0.8957939123931418,0.004675675545145635
16.326695824607736,0.5569443674314845,1.5997818205905854,0.03690681563136008,0.30242687021365,0.01634999616908341,0.8960085327889681,0.004596710079042033
16.42255872483191,0.5426354478225506,1.6036214711522594,0.03574151627196118,0.3028592388742682,0.01633534329435343,0.8963134296414786,0.004524958201513356
16.511126671368466,0.543633622590078,1.613269537222798,0.03578046043955852,0.3046013507930985,0.015963340382100566,0.8964486595613689,0.0045053460801922325
16.60221694151131,0.571267029828013,1.6175259412173073,0.03402630816436953,0.3051394796093218,0.015976175736293497,0.8970393686944783,0.004474831019985063
16.693266790980964,0.5450346074419216,1.6232455427088055,0.03376463398907227,0.3061681289401593,0.015902995000950063,0.8972179120189159,0.004289102720925125
